1.567170690961359725e+01	9.467605550082996757e+00	9.962896005337260164e+00	9.030667136246941951e+00	9.350939181546431556e+00	9.199672344836363536e+00	8.507794640198696356e+00	8.771489469500599157e+00	8.422064766172812966e+00	9.364134655008051311e+00	8.451211111832328982e+00	7.451211111832328982e+00	7.839203788096943626e+00	7.321928094887362626e+00	8.098032082960527234e+00	7.754887502163468227e+00	6.820178962415187840e+00	6.794415866350106192e+00	7.266786540694901042e+00	6.228818690495880439e+00	6.807354922057603730e+00	6.700439718141091738e+00	6.247927513443585212e+00	7.366322214245816014e+00	6.209453365628950117e+00	7.219168520462161176e+00	6.475733430966397641e+00	6.459431618637297312e+00	5.727920454563198760e+00	6.554588851677637606e+00	5.129283016944966356e+00	5.906890595608518701e+00	6.189824558880017591e+00	4.954196310386874913e+00	6.569855608330947838e+00	5.614709844115208348e+00	6.599912842187127815e+00	5.129283016944966356e+00	4.584962500721156076e+00	4.906890595608518701e+00	5.129283016944966356e+00	4.857980995127571866e+00	5.247927513443585212e+00	5.584962500721156076e+00	4.857980995127571866e+00	7.348728154231077170e+00
9.467605550082996757e+00	1.520365388552959729e+01	9.219168520462162064e+00	7.569855608330947838e+00	8.219168520462162064e+00	7.491853096329674777e+00	7.912889336229961934e+00	8.174925682500678192e+00	9.071462362556623304e+00	8.584962500721156076e+00	9.103287808412021676e+00	8.257387842692651247e+00	5.727920454563198760e+00	7.467605550082997645e+00	6.087462841250339096e+00	6.129283016944966356e+00	7.087462841250339096e+00	7.033423001537450148e+00	6.149747119504682225e+00	5.321928094887362626e+00	5.754887502163468227e+00	4.247927513443585212e+00	6.087462841250339096e+00	6.442943495848727942e+00	6.108524456778169132e+00	7.159871336778389050e+00	6.321928094887362626e+00	5.643856189774724363e+00	5.781359713524659938e+00	5.523561956057013056e+00	5.672425341971495172e+00	4.754887502163468227e+00	4.247927513443585212e+00	5.285402218862248702e+00	4.906890595608518701e+00	5.672425341971495172e+00	5.044394119358453388e+00	5.285402218862248702e+00	4.392317422778760694e+00	4.754887502163468227e+00	5.129283016944966356e+00	4.584962500721156076e+00	5.584962500721156076e+00	5.807354922057603730e+00	5.857980995127571866e+00	6.375039431346924523e+00
9.962896005337260164e+00	9.219168520462162064e+00	1.468529631984769779e+01	9.310612781659528991e+00	9.066089190457772062e+00	8.618385502258606223e+00	8.224001674198104794e+00	8.271463027904374599e+00	7.826548487290915013e+00	8.764871590736090567e+00	7.714245517666122431e+00	6.807354922057603730e+00	6.894817763307943714e+00	6.727920454563198760e+00	7.266786540694901042e+00	6.906890595608518701e+00	6.285402218862248702e+00	6.149747119504682225e+00	6.523561956057013056e+00	4.700439718141091738e+00	5.392317422778760694e+00	5.754887502163468227e+00	5.129283016944966356e+00	5.857980995127571866e+00	5.523561956057013056e+00	5.954196310386874913e+00	5.129283016944966356e+00	5.523561956057013056e+00	4.700439718141091738e+00	5.285402218862248702e+00	4.169925001442312151e+00	4.700439718141091738e+00	5.209453365628950117e+00	4.523561956057013056e+00	5.087462841250339096e+00	4.000000000000000000e+00	5.491853096329674777e+00	4.087462841250339096e+00	3.459431618637297312e+00	3.807354922057604174e+00	3.807354922057604174e+00	4.807354922057603730e+00	3.700439718141092182e+00	4.700439718141091738e+00	3.700439718141092182e+00	5.727920454563198760e+00
9.030667136246941951e+00	7.569855608330947838e+00	9.310612781659528991e+00	1.474682919401612224e+01	9.896332403909941178e+00	8.903881845736179912e+00	8.076815597050831741e+00	8.005624549193878892e+00	7.159871336778389050e+00	8.392317422778759806e+00	6.894817763307943714e+00	6.303780748177103099e+00	7.266786540694901042e+00	6.228818690495880439e+00	7.366322214245816014e+00	6.882643049361841570e+00	5.954196310386874913e+00	5.807354922057603730e+00	6.022367813028454364e+00	4.754887502163468227e+00	5.832890014164741288e+00	5.906890595608518701e+00	4.857980995127571866e+00	6.108524456778169132e+00	5.727920454563198760e+00	5.832890014164741288e+00	5.000000000000000000e+00	5.614709844115208348e+00	4.857980995127571866e+00	5.781359713524659938e+00	4.000000000000000000e+00	5.087462841250339096e+00	5.491853096329674777e+00	4.807354922057603730e+00	5.672425341971495172e+00	3.584962500721156076e+00	5.930737337562886680e+00	4.087462841250339096e+00	3.000000000000000000e+00	3.700439718141092182e+00	3.906890595608518701e+00	4.643856189774724363e+00	4.321928094887362626e+00	4.807354922057603730e+00	4.000000000000000000e+00	6.266786540694901042e+00
9.350939181546431556e+00	8.219168520462162064e+00	9.066089190457772062e+00	9.896332403909941178e+00	1.519163759584162676e+01	1.035314682549808296e+01	9.228818690495881327e+00	9.014020470314934030e+00	8.139551352398793682e+00	9.063395081288510013e+00	7.768184324776925997e+00	7.483815777264256397e+00	7.285402218862248702e+00	7.321928094887362626e+00	7.366322214245816014e+00	7.294620748891627038e+00	6.741466986401146499e+00	6.629356620079609463e+00	6.700439718141091738e+00	5.392317422778760694e+00	6.357552004618083785e+00	5.672425341971495172e+00	5.832890014164741288e+00	6.845490050944374794e+00	6.266786540694901042e+00	6.700439718141091738e+00	5.781359713524659938e+00	5.672425341971495172e+00	5.523561956057013056e+00	6.129283016944966356e+00	4.584962500721156076e+00	5.700439718141091738e+00	5.781359713524659938e+00	5.643856189774724363e+00	6.375039431346924523e+00	4.807354922057603730e+00	6.169925001442312151e+00	5.087462841250339096e+00	4.523561956057013056e+00	4.392317422778760694e+00	4.807354922057603730e+00	5.044394119358453388e+00	5.209453365628950117e+00	5.459431618637297312e+00	4.754887502163468227e+00	6.569855608330947838e+00
9.199672344836363536e+00	7.491853096329674777e+00	8.618385502258606223e+00	8.903881845736179912e+00	1.035314682549808296e+01	1.499656175665462854e+01	1.051372759595243700e+01	8.982993574694310368e+00	7.554588851677637606e+00	8.471675214392044850e+00	7.169925001442312151e+00	6.727920454563198760e+00	7.321928094887362626e+00	6.459431618637297312e+00	7.483815777264256397e+00	7.179909090014934492e+00	6.189824558880017591e+00	6.266786540694901042e+00	6.426264754702097903e+00	5.321928094887362626e+00	5.930737337562886680e+00	5.882643049361841570e+00	5.426264754702097903e+00	6.523561956057013056e+00	5.754887502163468227e+00	6.266786540694901042e+00	5.614709844115208348e+00	5.672425341971495172e+00	4.857980995127571866e+00	5.954196310386874913e+00	4.321928094887362626e+00	5.614709844115208348e+00	5.930737337562886680e+00	4.906890595608518701e+00	6.066089190457772062e+00	4.087462841250339096e+00	6.209453365628950117e+00	4.523561956057013056e+00	4.000000000000000000e+00	4.321928094887362626e+00	4.754887502163468227e+00	4.584962500721156076e+00	4.857980995127571866e+00	4.459431618637297312e+00	4.954196310386874913e+00	6.539158811108030989e+00
8.507794640198696356e+00	7.912889336229961934e+00	8.224001674198104794e+00	8.076815597050831741e+00	9.228818690495881327e+00	1.051372759595243700e+01	1.516368898168790835e+01	9.409390936137702610e+00	7.960001932068080599e+00	8.622051819456375554e+00	7.693486957499325207e+00	7.129283016944966356e+00	6.894817763307943714e+00	7.434628227636724596e+00	7.330916878114616786e+00	6.942514505339239861e+00	6.442943495848727942e+00	6.321928094887362626e+00	6.643856189774724363e+00	5.727920454563198760e+00	5.882643049361841570e+00	6.087462841250339096e+00	5.523561956057013056e+00	6.894817763307943714e+00	5.954196310386874913e+00	6.741466986401146499e+00	6.022367813028454364e+00	5.614709844115208348e+00	5.584962500721156076e+00	5.882643049361841570e+00	4.643856189774724363e+00	5.209453365628950117e+00	5.357552004618083785e+00	5.087462841250339096e+00	5.781359713524659938e+00	4.247927513443585212e+00	6.189824558880017591e+00	5.285402218862248702e+00	4.643856189774724363e+00	5.000000000000000000e+00	4.857980995127571866e+00	5.285402218862248702e+00	5.044394119358453388e+00	5.392317422778760694e+00	4.906890595608518701e+00	6.357552004618083785e+00
8.771489469500599157e+00	8.174925682500678192e+00	8.271463027904374599e+00	8.005624549193878892e+00	9.014020470314934030e+00	8.982993574694310368e+00	9.409390936137702610e+00	1.444798721095804162e+01	8.686500527183218523e+00	9.184875342908283002e+00	8.417852514885897364e+00	7.577428828035748687e+00	7.159871336778389050e+00	7.734709620225838300e+00	6.870364719583404778e+00	7.330916878114616786e+00	7.033423001537450148e+00	7.238404739325078552e+00	6.988684686772165477e+00	5.614709844115208348e+00	6.087462841250339096e+00	5.781359713524659938e+00	6.129283016944966356e+00	6.894817763307943714e+00	5.977279923499916769e+00	6.820178962415187840e+00	6.129283016944966356e+00	5.930737337562886680e+00	5.357552004618083785e+00	5.832890014164741288e+00	4.523561956057013056e+00	4.700439718141091738e+00	4.906890595608518701e+00	4.700439718141091738e+00	5.087462841250339096e+00	4.459431618637297312e+00	5.584962500721156076e+00	4.392317422778760694e+00	4.857980995127571866e+00	4.169925001442312151e+00	4.392317422778760694e+00	4.857980995127571866e+00	3.700439718141092182e+00	5.044394119358453388e+00	4.857980995127571866e+00	6.303780748177103099e+00
8.422064766172812966e+00	9.071462362556623304e+00	7.826548487290915013e+00	7.159871336778389050e+00	8.139551352398793682e+00	7.554588851677637606e+00	7.960001932068080599e+00	8.686500527183218523e+00	1.508035953578763078e+01	1.184352853461108879e+01	1.030606168942834167e+01	9.129283016944967244e+00	6.977279923499916769e+00	8.611024797307353040e+00	7.129283016944966356e+00	7.643856189774724363e+00	8.344295907915816102e+00	8.129283016944967244e+00	7.118941072723507624e+00	6.820178962415187840e+00	6.228818690495880439e+00	5.000000000000000000e+00	6.807354922057603730e+00	7.179909090014934492e+00	7.033423001537450148e+00	8.092757140919852432e+00	6.857980995127571866e+00	5.807354922057603730e+00	6.409390936137701722e+00	5.754887502163468227e+00	5.700439718141091738e+00	4.700439718141091738e+00	4.700439718141091738e+00	4.857980995127571866e+00	4.000000000000000000e+00	5.357552004618083785e+00	4.857980995127571866e+00	5.285402218862248702e+00	4.643856189774724363e+00	5.000000000000000000e+00	5.044394119358453388e+00	4.584962500721156076e+00	5.000000000000000000e+00	5.426264754702097903e+00	5.321928094887362626e+00	5.930737337562886680e+00
9.364134655008051311e+00	8.584962500721156076e+00	8.764871590736090567e+00	8.392317422778759806e+00	9.063395081288510013e+00	8.471675214392044850e+00	8.622051819456375554e+00	9.184875342908283002e+00	1.184352853461108879e+01	1.548824812015434205e+01	1.052845411076478932e+01	8.960001932068081487e+00	8.426264754702097903e+00	8.870364719583404778e+00	8.238404739325078552e+00	8.562242424221071957e+00	8.643856189774725252e+00	8.554588851677637606e+00	7.936637939002570974e+00	6.882643049361841570e+00	7.087462841250339096e+00	6.426264754702097903e+00	6.857980995127571866e+00	7.781359713524659938e+00	6.768184324776925997e+00	7.643856189774724363e+00	6.658211482751794641e+00	6.285402218862248702e+00	6.554588851677637606e+00	6.303780748177103099e+00	5.832890014164741288e+00	5.426264754702097903e+00	5.491853096329674777e+00	5.700439718141091738e+00	5.977279923499916769e+00	5.643856189774724363e+00	5.977279923499916769e+00	5.209453365628950117e+00	4.169925001442312151e+00	4.954196310386874913e+00	5.209453365628950117e+00	5.285402218862248702e+00	5.459431618637297312e+00	5.700439718141091738e+00	5.285402218862248702e+00	6.643856189774724363e+00
8.451211111832328982e+00	9.103287808412021676e+00	7.714245517666122431e+00	6.894817763307943714e+00	7.768184324776925997e+00	7.169925001442312151e+00	7.693486957499325207e+00	8.417852514885897364e+00	1.030606168942834167e+01	1.052845411076478932e+01	1.532888525827827308e+01	1.144346161222739333e+01	7.807354922057603730e+00	9.579315937580014761e+00	8.113742166049188853e+00	8.459431618637296424e+00	9.209453365628949228e+00	9.126704472843190530e+00	8.144658242831882333e+00	7.022367813028454364e+00	6.882643049361841570e+00	5.977279923499916769e+00	7.483815777264256397e+00	7.888743248898259175e+00	7.562242424221072845e+00	8.933690654952233245e+00	7.392317422778760694e+00	5.977279923499916769e+00	6.475733430966397641e+00	6.000000000000000000e+00	6.266786540694901042e+00	4.523561956057013056e+00	3.906890595608518701e+00	5.044394119358453388e+00	4.807354922057603730e+00	5.754887502163468227e+00	5.321928094887362626e+00	5.321928094887362626e+00	4.857980995127571866e+00	4.584962500721156076e+00	4.459431618637297312e+00	5.087462841250339096e+00	5.209453365628950117e+00	5.247927513443585212e+00	5.044394119358453388e+00	6.459431618637297312e+00
7.451211111832328982e+00	8.257387842692651247e+00	6.807354922057603730e+00	6.303780748177103099e+00	7.483815777264256397e+00	6.727920454563198760e+00	7.129283016944966356e+00	7.577428828035748687e+00	9.129283016944967244e+00	8.960001932068081487e+00	1.144346161222739333e+01	1.497046544077999464e+01	7.876516946564999344e+00	9.527477006060395937e+00	7.960001932068080599e+00	8.076815597050831741e+00	8.885696373339394327e+00	8.682994583681683309e+00	7.523561956057013056e+00	6.768184324776925997e+00	6.658211482751794641e+00	5.554588851677637606e+00	7.219168520462161176e+00	7.426264754702097903e+00	7.118941072723507624e+00	8.447083226209652906e+00	7.159871336778389050e+00	5.832890014164741288e+00	6.108524456778169132e+00	5.643856189774724363e+00	5.977279923499916769e+00	4.247927513443585212e+00	4.321928094887362626e+00	4.584962500721156076e+00	4.754887502163468227e+00	5.523561956057013056e+00	4.954196310386874913e+00	4.754887502163468227e+00	4.857980995127571866e+00	4.643856189774724363e+00	4.247927513443585212e+00	4.523561956057013056e+00	4.807354922057603730e+00	5.643856189774724363e+00	5.285402218862248702e+00	5.614709844115208348e+00
7.839203788096943626e+00	5.727920454563198760e+00	6.894817763307943714e+00	7.266786540694901042e+00	7.285402218862248702e+00	7.321928094887362626e+00	6.894817763307943714e+00	7.159871336778389050e+00	6.977279923499916769e+00	8.426264754702097903e+00	7.807354922057603730e+00	7.876516946564999344e+00	1.464593982955815044e+01	9.221587121264805731e+00	8.361943773735241336e+00	8.375039431346925412e+00	7.622051819456376442e+00	7.629356620079609463e+00	7.312882955284355724e+00	5.930737337562886680e+00	6.475733430966397641e+00	6.539158811108030989e+00	6.108524456778169132e+00	6.894817763307943714e+00	6.129283016944966356e+00	6.507794640198696356e+00	5.930737337562886680e+00	6.000000000000000000e+00	4.807354922057603730e+00	5.857980995127571866e+00	4.321928094887362626e+00	4.906890595608518701e+00	5.209453365628950117e+00	4.906890595608518701e+00	5.700439718141091738e+00	4.087462841250339096e+00	5.392317422778760694e+00	4.321928094887362626e+00	4.087462841250339096e+00	4.000000000000000000e+00	4.087462841250339096e+00	4.700439718141091738e+00	4.459431618637297312e+00	4.643856189774724363e+00	4.169925001442312151e+00	5.857980995127571866e+00
7.321928094887362626e+00	7.467605550082997645e+00	6.727920454563198760e+00	6.228818690495880439e+00	7.321928094887362626e+00	6.459431618637297312e+00	7.434628227636724596e+00	7.734709620225838300e+00	8.611024797307353040e+00	8.870364719583404778e+00	9.579315937580014761e+00	9.527477006060395937e+00	9.221587121264805731e+00	1.543749201012535188e+01	8.873444112515375792e+00	8.906890595608517813e+00	9.715961990255143732e+00	9.233619676759701633e+00	8.154818109052104802e+00	7.539158811108030989e+00	7.118941072723507624e+00	6.392317422778760694e+00	7.614709844115208348e+00	8.169925001442312151e+00	7.523561956057013056e+00	8.438791852578260588e+00	7.321928094887362626e+00	6.741466986401146499e+00	6.686500527183218523e+00	6.169925001442312151e+00	6.066089190457772062e+00	5.285402218862248702e+00	5.357552004618083785e+00	5.392317422778760694e+00	5.357552004618083785e+00	5.807354922057603730e+00	5.209453365628950117e+00	5.491853096329674777e+00	4.754887502163468227e+00	4.700439718141091738e+00	4.392317422778760694e+00	4.807354922057603730e+00	5.807354922057603730e+00	5.807354922057603730e+00	5.523561956057013056e+00	6.209453365628950117e+00
8.098032082960527234e+00	6.087462841250339096e+00	7.266786540694901042e+00	7.366322214245816014e+00	7.366322214245816014e+00	7.483815777264256397e+00	7.330916878114616786e+00	6.870364719583404778e+00	7.129283016944966356e+00	8.238404739325078552e+00	8.113742166049188853e+00	7.960001932068080599e+00	8.361943773735241336e+00	8.873444112515375792e+00	1.536300539733706216e+01	9.588714635582263668e+00	8.748192849589459641e+00	8.487840033823051300e+00	8.294620748891627926e+00	6.569855608330947838e+00	7.622051819456376442e+00	7.366322214245816014e+00	6.539158811108030989e+00	7.734709620225838300e+00	7.189824558880017591e+00	7.994353436858857798e+00	6.599912842187127815e+00	6.714245517666122431e+00	5.727920454563198760e+00	6.491853096329674777e+00	5.426264754702097903e+00	6.022367813028454364e+00	5.727920454563198760e+00	5.247927513443585212e+00	6.491853096329674777e+00	5.285402218862248702e+00	6.129283016944966356e+00	4.857980995127571866e+00	4.807354922057603730e+00	4.087462841250339096e+00	4.459431618637297312e+00	4.857980995127571866e+00	5.044394119358453388e+00	5.129283016944966356e+00	3.321928094887362182e+00	6.584962500721156076e+00
7.754887502163468227e+00	6.129283016944966356e+00	6.906890595608518701e+00	6.882643049361841570e+00	7.294620748891627038e+00	7.179909090014934492e+00	6.942514505339239861e+00	7.330916878114616786e+00	7.643856189774724363e+00	8.562242424221071957e+00	8.459431618637296424e+00	8.076815597050831741e+00	8.375039431346925412e+00	8.906890595608517813e+00	9.588714635582263668e+00	1.535628001405510190e+01	1.169130733019111545e+01	1.055458885167763761e+01	8.774787059601173667e+00	7.276124405274237539e+00	8.027905996569884906e+00	7.409390936137701722e+00	7.312882955284355724e+00	8.076815597050831741e+00	7.209453365628950117e+00	8.189824558880017591e+00	7.139551352398793682e+00	6.569855608330947838e+00	6.426264754702097903e+00	6.754887502163468227e+00	5.491853096329674777e+00	6.044394119358453388e+00	5.727920454563198760e+00	5.554588851677637606e+00	6.339850002884624303e+00	4.954196310386874913e+00	6.228818690495880439e+00	5.209453365628950117e+00	4.584962500721156076e+00	4.584962500721156076e+00	4.700439718141091738e+00	4.754887502163468227e+00	5.087462841250339096e+00	5.169925001442312151e+00	5.000000000000000000e+00	6.629356620079609463e+00
6.820178962415187840e+00	7.087462841250339096e+00	6.285402218862248702e+00	5.954196310386874913e+00	6.741466986401146499e+00	6.189824558880017591e+00	6.442943495848727942e+00	7.033423001537450148e+00	8.344295907915816102e+00	8.643856189774725252e+00	9.209453365628949228e+00	8.885696373339394327e+00	7.622051819456376442e+00	9.715961990255143732e+00	8.748192849589459641e+00	1.169130733019111545e+01	1.550298715138848671e+01	1.135700209226498458e+01	8.761551232444478643e+00	7.787902559391431723e+00	7.629356620079609463e+00	6.930737337562886680e+00	8.124121311829187064e+00	8.209453365628949228e+00	7.761551232444479531e+00	8.734709620225837412e+00	7.734709620225838300e+00	6.584962500721156076e+00	6.700439718141091738e+00	6.643856189774724363e+00	6.507794640198696356e+00	5.044394119358453388e+00	5.321928094887362626e+00	5.584962500721156076e+00	5.169925001442312151e+00	5.781359713524659938e+00	5.554588851677637606e+00	5.247927513443585212e+00	5.044394119358453388e+00	5.000000000000000000e+00	4.459431618637297312e+00	5.169925001442312151e+00	5.321928094887362626e+00	5.392317422778760694e+00	5.523561956057013056e+00	6.022367813028454364e+00
6.794415866350106192e+00	7.033423001537450148e+00	6.149747119504682225e+00	5.807354922057603730e+00	6.629356620079609463e+00	6.266786540694901042e+00	6.321928094887362626e+00	7.238404739325078552e+00	8.129283016944967244e+00	8.554588851677637606e+00	9.126704472843190530e+00	8.682994583681683309e+00	7.629356620079609463e+00	9.233619676759701633e+00	8.487840033823051300e+00	1.055458885167763761e+01	1.135700209226498458e+01	1.549654174212330382e+01	8.614709844115207460e+00	7.546894459887636408e+00	7.707359132080882524e+00	6.754887502163468227e+00	7.781359713524659938e+00	8.475733430966398529e+00	7.721099188707185590e+00	8.531381460516312742e+00	7.554588851677637606e+00	6.569855608330947838e+00	6.672425341971495172e+00	6.409390936137701722e+00	6.303780748177103099e+00	5.392317422778760694e+00	4.954196310386874913e+00	5.392317422778760694e+00	5.392317422778760694e+00	5.807354922057603730e+00	5.614709844115208348e+00	5.672425341971495172e+00	5.321928094887362626e+00	4.857980995127571866e+00	4.087462841250339096e+00	5.087462841250339096e+00	5.392317422778760694e+00	5.807354922057603730e+00	5.554588851677637606e+00	6.303780748177103099e+00
7.266786540694901042e+00	6.149747119504682225e+00	6.523561956057013056e+00	6.022367813028454364e+00	6.700439718141091738e+00	6.426264754702097903e+00	6.643856189774724363e+00	6.988684686772165477e+00	7.118941072723507624e+00	7.936637939002570974e+00	8.144658242831882333e+00	7.523561956057013056e+00	7.312882955284355724e+00	8.154818109052104802e+00	8.294620748891627926e+00	8.774787059601173667e+00	8.761551232444478643e+00	8.614709844115207460e+00	1.558950485674890629e+01	1.009671515448853540e+01	9.787902559391431723e+00	9.481799431665752564e+00	9.781359713524659938e+00	1.009275714091985243e+01	9.684748620421625986e+00	1.045224124043081737e+01	9.174925682500678192e+00	8.238404739325078552e+00	7.906890595608518701e+00	8.027905996569884906e+00	7.499845887083205653e+00	6.426264754702097903e+00	6.754887502163468227e+00	6.044394119358453388e+00	6.918863237274594624e+00	6.768184324776925997e+00	6.882643049361841570e+00	6.442943495848727942e+00	5.523561956057013056e+00	5.169925001442312151e+00	5.285402218862248702e+00	5.491853096329674777e+00	5.930737337562886680e+00	5.491853096329674777e+00	5.491853096329674777e+00	7.033423001537450148e+00
6.228818690495880439e+00	5.321928094887362626e+00	4.700439718141091738e+00	4.754887502163468227e+00	5.392317422778760694e+00	5.321928094887362626e+00	5.727920454563198760e+00	5.614709844115208348e+00	6.820178962415187840e+00	6.882643049361841570e+00	7.022367813028454364e+00	6.768184324776925997e+00	5.930737337562886680e+00	7.539158811108030989e+00	6.569855608330947838e+00	7.276124405274237539e+00	7.787902559391431723e+00	7.546894459887636408e+00	1.009671515448853540e+01	1.527866723994644182e+01	1.006743436075652198e+01	8.906890595608517813e+00	9.774787059601173667e+00	1.008081752760832650e+01	9.459431618637296424e+00	1.030606168942834167e+01	9.228818690495881327e+00	8.189824558880017591e+00	8.016808287686554735e+00	7.622051819456376442e+00	7.643856189774724363e+00	6.426264754702097903e+00	6.409390936137701722e+00	6.507794640198696356e+00	6.741466986401146499e+00	6.614709844115208348e+00	6.392317422778760694e+00	6.392317422778760694e+00	5.954196310386874913e+00	5.459431618637297312e+00	5.129283016944966356e+00	5.584962500721156076e+00	5.781359713524659938e+00	6.044394119358453388e+00	5.614709844115208348e+00	6.658211482751794641e+00
6.807354922057603730e+00	5.754887502163468227e+00	5.392317422778760694e+00	5.832890014164741288e+00	6.357552004618083785e+00	5.930737337562886680e+00	5.882643049361841570e+00	6.087462841250339096e+00	6.228818690495880439e+00	7.087462841250339096e+00	6.882643049361841570e+00	6.658211482751794641e+00	6.475733430966397641e+00	7.118941072723507624e+00	7.622051819456376442e+00	8.027905996569884906e+00	7.629356620079609463e+00	7.707359132080882524e+00	9.787902559391431723e+00	1.006743436075652198e+01	1.566860802758556837e+01	1.040407713624123431e+01	1.027496047214060226e+01	1.054592976908546653e+01	9.927777962082341645e+00	1.074399286106017470e+01	9.638435913990472059e+00	8.771489469500599157e+00	8.330916878114617674e+00	8.640244936222345018e+00	7.912889336229961934e+00	7.366322214245816014e+00	7.400879436282184365e+00	6.599912842187127815e+00	7.209453365628950117e+00	6.845490050944374794e+00	7.321928094887362626e+00	6.442943495848727942e+00	6.209453365628950117e+00	5.700439718141091738e+00	6.022367813028454364e+00	5.727920454563198760e+00	6.149747119504682225e+00	5.977279923499916769e+00	5.357552004618083785e+00	7.658211482751794641e+00
6.700439718141091738e+00	4.247927513443585212e+00	5.754887502163468227e+00	5.906890595608518701e+00	5.672425341971495172e+00	5.882643049361841570e+00	6.087462841250339096e+00	5.781359713524659938e+00	5.000000000000000000e+00	6.426264754702097903e+00	5.977279923499916769e+00	5.554588851677637606e+00	6.539158811108030989e+00	6.392317422778760694e+00	7.366322214245816014e+00	7.409390936137701722e+00	6.930737337562886680e+00	6.754887502163468227e+00	9.481799431665752564e+00	8.906890595608517813e+00	1.040407713624123431e+01	1.515153192163584883e+01	9.794415866350105304e+00	9.991521846075695379e+00	9.396604781181858712e+00	9.962896005337260164e+00	8.965784284662086989e+00	8.569855608330946950e+00	7.754887502163468227e+00	8.405141463136343916e+00	7.238404739325078552e+00	7.417852514885898252e+00	7.375039431346924523e+00	6.629356620079609463e+00	7.330916878114616786e+00	5.977279923499916769e+00	7.066089190457772062e+00	5.727920454563198760e+00	5.247927513443585212e+00	4.643856189774724363e+00	5.247927513443585212e+00	5.285402218862248702e+00	5.357552004618083785e+00	5.392317422778760694e+00	4.906890595608518701e+00	6.794415866350106192e+00
6.247927513443585212e+00	6.087462841250339096e+00	5.129283016944966356e+00	4.857980995127571866e+00	5.832890014164741288e+00	5.426264754702097903e+00	5.523561956057013056e+00	6.129283016944966356e+00	6.807354922057603730e+00	6.857980995127571866e+00	7.483815777264256397e+00	7.219168520462161176e+00	6.108524456778169132e+00	7.614709844115208348e+00	6.539158811108030989e+00	7.312882955284355724e+00	8.124121311829187064e+00	7.781359713524659938e+00	9.781359713524659938e+00	9.774787059601173667e+00	1.027496047214060226e+01	9.794415866350105304e+00	1.558716220084066606e+01	1.044294349584872883e+01	9.957102041562286843e+00	1.077725531519192259e+01	9.579315937580014761e+00	8.463524373271180679e+00	8.417852514885897364e+00	8.060695931687554605e+00	8.129283016944967244e+00	6.523561956057013056e+00	6.768184324776925997e+00	6.375039431346924523e+00	6.686500527183218523e+00	7.442943495848727942e+00	6.727920454563198760e+00	6.523561956057013056e+00	6.339850002884624303e+00	5.700439718141091738e+00	5.643856189774724363e+00	5.426264754702097903e+00	6.022367813028454364e+00	5.672425341971495172e+00	6.129283016944966356e+00	6.672425341971495172e+00
7.366322214245816014e+00	6.442943495848727942e+00	5.857980995127571866e+00	6.108524456778169132e+00	6.845490050944374794e+00	6.523561956057013056e+00	6.894817763307943714e+00	6.894817763307943714e+00	7.179909090014934492e+00	7.781359713524659938e+00	7.888743248898259175e+00	7.426264754702097903e+00	6.894817763307943714e+00	8.169925001442312151e+00	7.734709620225838300e+00	8.076815597050831741e+00	8.209453365628949228e+00	8.475733430966398529e+00	1.009275714091985243e+01	1.008081752760832650e+01	1.054592976908546653e+01	9.991521846075695379e+00	1.044294349584872883e+01	1.645396184552650709e+01	1.224674059849314389e+01	1.203101190743770665e+01	1.035314682549808296e+01	9.449148645375435862e+00	9.280770770130603253e+00	8.988684686772165477e+00	8.829722735086058094e+00	7.870364719583404778e+00	7.982993574694310368e+00	7.686500527183218523e+00	8.098032082960527234e+00	8.087462841250339096e+00	7.741466986401146499e+00	7.807354922057603730e+00	6.954196310386874913e+00	6.794415866350106192e+00	6.491853096329674777e+00	6.832890014164741288e+00	7.000000000000000000e+00	7.033423001537450148e+00	6.614709844115208348e+00	7.665335917185176484e+00
6.209453365628950117e+00	6.108524456778169132e+00	5.523561956057013056e+00	5.727920454563198760e+00	6.266786540694901042e+00	5.754887502163468227e+00	5.954196310386874913e+00	5.977279923499916769e+00	7.033423001537450148e+00	6.768184324776925997e+00	7.562242424221072845e+00	7.118941072723507624e+00	6.129283016944966356e+00	7.523561956057013056e+00	7.189824558880017591e+00	7.209453365628950117e+00	7.761551232444479531e+00	7.721099188707185590e+00	9.684748620421625986e+00	9.459431618637296424e+00	9.927777962082341645e+00	9.396604781181858712e+00	9.957102041562286843e+00	1.224674059849314389e+01	1.570417383721737536e+01	1.293590168226758763e+01	1.046045589630963590e+01	9.292321632802039488e+00	9.063395081288510013e+00	8.614709844115207460e+00	8.903881845736179912e+00	7.366322214245816014e+00	7.238404739325078552e+00	7.515699838284042755e+00	7.499845887083205653e+00	8.103287808412021676e+00	7.392317422778760694e+00	7.569855608330947838e+00	7.139551352398793682e+00	6.189824558880017591e+00	6.129283016944966356e+00	6.266786540694901042e+00	6.781359713524659938e+00	6.845490050944374794e+00	6.357552004618083785e+00	7.577428828035748687e+00
7.219168520462161176e+00	7.159871336778389050e+00	5.954196310386874913e+00	5.832890014164741288e+00	6.700439718141091738e+00	6.266786540694901042e+00	6.741466986401146499e+00	6.820178962415187840e+00	8.092757140919852432e+00	7.643856189774724363e+00	8.933690654952233245e+00	8.447083226209652906e+00	6.507794640198696356e+00	8.438791852578260588e+00	7.994353436858857798e+00	8.189824558880017591e+00	8.734709620225837412e+00	8.531381460516312742e+00	1.045224124043081737e+01	1.030606168942834167e+01	1.074399286106017470e+01	9.962896005337260164e+00	1.077725531519192259e+01	1.203101190743770665e+01	1.293590168226758763e+01	1.691237479799155707e+01	1.218704271433989383e+01	1.031854280970272342e+01	1.030149619498254943e+01	9.668884984266247429e+00	1.047370574961941614e+01	8.038918989292302086e+00	8.204571144249204195e+00	8.577428828035747799e+00	8.370687406807217457e+00	9.661778097771987817e+00	8.224001674198104794e+00	9.131856960608793372e+00	8.810571634741146241e+00	7.546894459887636408e+00	7.357552004618083785e+00	7.754887502163468227e+00	8.632995197142957267e+00	8.134426320220926598e+00	7.199672344836364424e+00	8.426264754702097903e+00
6.475733430966397641e+00	6.321928094887362626e+00	5.129283016944966356e+00	5.000000000000000000e+00	5.781359713524659938e+00	5.614709844115208348e+00	6.022367813028454364e+00	6.129283016944966356e+00	6.857980995127571866e+00	6.658211482751794641e+00	7.392317422778760694e+00	7.159871336778389050e+00	5.930737337562886680e+00	7.321928094887362626e+00	6.599912842187127815e+00	7.139551352398793682e+00	7.734709620225838300e+00	7.554588851677637606e+00	9.174925682500678192e+00	9.228818690495881327e+00	9.638435913990472059e+00	8.965784284662086989e+00	9.579315937580014761e+00	1.035314682549808296e+01	1.046045589630963590e+01	1.218704271433989383e+01	1.600055023953956734e+01	1.134872815423107717e+01	1.052845411076478932e+01	9.729620743553038409e+00	1.029576893442050789e+01	8.169925001442312151e+00	8.103287808412021676e+00	8.487840033823051300e+00	8.174925682500678192e+00	9.355351096424811885e+00	8.266786540694901930e+00	9.008428622070580261e+00	8.479780264029098902e+00	7.467605550082997645e+00	7.247927513443585212e+00	7.629356620079609463e+00	8.179909090014934492e+00	8.066089190457772062e+00	7.392317422778760694e+00	8.169925001442312151e+00
6.459431618637297312e+00	5.643856189774724363e+00	5.523561956057013056e+00	5.614709844115208348e+00	5.672425341971495172e+00	5.672425341971495172e+00	5.614709844115208348e+00	5.930737337562886680e+00	5.807354922057603730e+00	6.285402218862248702e+00	5.977279923499916769e+00	5.832890014164741288e+00	6.000000000000000000e+00	6.741466986401146499e+00	6.714245517666122431e+00	6.569855608330947838e+00	6.584962500721156076e+00	6.569855608330947838e+00	8.238404739325078552e+00	8.189824558880017591e+00	8.771489469500599157e+00	8.569855608330946950e+00	8.463524373271180679e+00	9.449148645375435862e+00	9.292321632802039488e+00	1.031854280970272342e+01	1.134872815423107717e+01	1.569884029282601112e+01	1.110459875356436932e+01	9.946906274456397412e+00	9.605479518061668998e+00	8.515699838284042755e+00	8.682994583681683309e+00	8.219168520462162064e+00	8.768184324776926886e+00	8.751544059089098937e+00	8.463524373271180679e+00	8.430452551665531757e+00	7.787902559391431723e+00	7.087462841250339096e+00	7.000000000000000000e+00	7.238404739325078552e+00	7.569855608330947838e+00	7.400879436282184365e+00	6.832890014164741288e+00	8.066089190457772062e+00
5.727920454563198760e+00	5.781359713524659938e+00	4.700439718141091738e+00	4.857980995127571866e+00	5.523561956057013056e+00	4.857980995127571866e+00	5.584962500721156076e+00	5.357552004618083785e+00	6.409390936137701722e+00	6.554588851677637606e+00	6.475733430966397641e+00	6.108524456778169132e+00	4.807354922057603730e+00	6.686500527183218523e+00	5.727920454563198760e+00	6.426264754702097903e+00	6.700439718141091738e+00	6.672425341971495172e+00	7.906890595608518701e+00	8.016808287686554735e+00	8.330916878114617674e+00	7.754887502163468227e+00	8.417852514885897364e+00	9.280770770130603253e+00	9.063395081288510013e+00	1.030149619498254943e+01	1.052845411076478932e+01	1.110459875356436932e+01	1.570795222357572563e+01	1.026091953366290532e+01	1.024317398347295160e+01	7.988684686772165477e+00	8.531381460516312742e+00	8.515699838284042755e+00	8.405141463136343916e+00	9.076815597050831741e+00	8.285402218862248702e+00	8.658211482751795529e+00	8.113742166049188853e+00	7.451211111832328982e+00	7.366322214245816014e+00	7.643856189774724363e+00	8.016808287686554735e+00	7.900866807980748696e+00	7.139551352398793682e+00	8.027905996569884906e+00
6.554588851677637606e+00	5.523561956057013056e+00	5.285402218862248702e+00	5.781359713524659938e+00	6.129283016944966356e+00	5.954196310386874913e+00	5.882643049361841570e+00	5.832890014164741288e+00	5.754887502163468227e+00	6.303780748177103099e+00	6.000000000000000000e+00	5.643856189774724363e+00	5.857980995127571866e+00	6.169925001442312151e+00	6.491853096329674777e+00	6.754887502163468227e+00	6.643856189774724363e+00	6.409390936137701722e+00	8.027905996569884906e+00	7.622051819456376442e+00	8.640244936222345018e+00	8.405141463136343916e+00	8.060695931687554605e+00	8.988684686772165477e+00	8.614709844115207460e+00	9.668884984266247429e+00	9.729620743553038409e+00	9.946906274456397412e+00	1.026091953366290532e+01	1.549859992877025938e+01	1.010721707559138238e+01	9.111135670234707717e+00	9.052568050804152833e+00	8.396604781181858712e+00	9.111135670234707717e+00	8.543031820255237108e+00	8.957102041562286843e+00	8.339850002884624303e+00	7.807354922057603730e+00	7.139551352398793682e+00	7.339850002884624303e+00	7.507794640198696356e+00	7.714245517666122431e+00	7.584962500721156076e+00	6.768184324776925997e+00	8.566054038171092344e+00
5.129283016944966356e+00	5.672425341971495172e+00	4.169925001442312151e+00	4.000000000000000000e+00	4.584962500721156076e+00	4.321928094887362626e+00	4.643856189774724363e+00	4.523561956057013056e+00	5.700439718141091738e+00	5.832890014164741288e+00	6.266786540694901042e+00	5.977279923499916769e+00	4.321928094887362626e+00	6.066089190457772062e+00	5.426264754702097903e+00	5.491853096329674777e+00	6.507794640198696356e+00	6.303780748177103099e+00	7.499845887083205653e+00	7.643856189774724363e+00	7.912889336229961934e+00	7.238404739325078552e+00	8.129283016944967244e+00	8.829722735086058094e+00	8.903881845736179912e+00	1.047370574961941614e+01	1.029576893442050789e+01	9.605479518061668998e+00	1.024317398347295160e+01	1.010721707559138238e+01	1.505727256442636630e+01	8.861086905995394503e+00	8.495855026887170425e+00	8.724513853119949758e+00	8.299208018387279395e+00	9.774787059601173667e+00	7.826548487290915013e+00	9.202123823830460125e+00	8.851749041416058006e+00	7.900866807980748696e+00	7.569855608330947838e+00	7.845490050944374794e+00	8.665335917185176484e+00	8.266786540694901930e+00	7.400879436282184365e+00	8.066089190457772062e+00
5.906890595608518701e+00	4.754887502163468227e+00	4.700439718141091738e+00	5.087462841250339096e+00	5.700439718141091738e+00	5.614709844115208348e+00	5.209453365628950117e+00	4.700439718141091738e+00	4.700439718141091738e+00	5.426264754702097903e+00	4.523561956057013056e+00	4.247927513443585212e+00	4.906890595608518701e+00	5.285402218862248702e+00	6.022367813028454364e+00	6.044394119358453388e+00	5.044394119358453388e+00	5.392317422778760694e+00	6.426264754702097903e+00	6.426264754702097903e+00	7.366322214245816014e+00	7.417852514885898252e+00	6.523561956057013056e+00	7.870364719583404778e+00	7.366322214245816014e+00	8.038918989292302086e+00	8.169925001442312151e+00	8.515699838284042755e+00	7.988684686772165477e+00	9.111135670234707717e+00	8.861086905995394503e+00	1.469886741650720730e+01	9.810571634741146241e+00	8.055282435501188942e+00	9.139551352398793682e+00	7.807354922057603730e+00	8.651051691178928138e+00	7.614709844115208348e+00	7.022367813028454364e+00	6.129283016944966356e+00	7.159871336778389050e+00	6.988684686772165477e+00	6.643856189774724363e+00	6.930737337562886680e+00	6.247927513443585212e+00	8.044394119358454276e+00
6.189824558880017591e+00	4.247927513443585212e+00	5.209453365628950117e+00	5.491853096329674777e+00	5.781359713524659938e+00	5.930737337562886680e+00	5.357552004618083785e+00	4.906890595608518701e+00	4.700439718141091738e+00	5.491853096329674777e+00	3.906890595608518701e+00	4.321928094887362626e+00	5.209453365628950117e+00	5.357552004618083785e+00	5.727920454563198760e+00	5.727920454563198760e+00	5.321928094887362626e+00	4.954196310386874913e+00	6.754887502163468227e+00	6.409390936137701722e+00	7.400879436282184365e+00	7.375039431346924523e+00	6.768184324776925997e+00	7.982993574694310368e+00	7.238404739325078552e+00	8.204571144249204195e+00	8.103287808412021676e+00	8.682994583681683309e+00	8.531381460516312742e+00	9.052568050804152833e+00	8.495855026887170425e+00	9.810571634741146241e+00	1.487156838986371632e+01	9.403012023574996547e+00	1.003066713624694195e+01	8.370687406807217457e+00	8.861086905995394503e+00	8.049848549450562274e+00	7.475733430966397641e+00	6.942514505339239861e+00	7.238404739325078552e+00	7.266786540694901042e+00	7.303780748177103099e+00	7.442943495848727942e+00	6.794415866350106192e+00	8.294620748891627926e+00
4.954196310386874913e+00	5.285402218862248702e+00	4.523561956057013056e+00	4.807354922057603730e+00	5.643856189774724363e+00	4.906890595608518701e+00	5.087462841250339096e+00	4.700439718141091738e+00	4.857980995127571866e+00	5.700439718141091738e+00	5.044394119358453388e+00	4.584962500721156076e+00	4.906890595608518701e+00	5.392317422778760694e+00	5.247927513443585212e+00	5.554588851677637606e+00	5.584962500721156076e+00	5.392317422778760694e+00	6.044394119358453388e+00	6.507794640198696356e+00	6.599912842187127815e+00	6.629356620079609463e+00	6.375039431346924523e+00	7.686500527183218523e+00	7.515699838284042755e+00	8.577428828035747799e+00	8.487840033823051300e+00	8.219168520462162064e+00	8.515699838284042755e+00	8.396604781181858712e+00	8.724513853119949758e+00	8.055282435501188942e+00	9.403012023574996547e+00	1.508231539419820599e+01	1.039016895620018310e+01	9.501837184902296229e+00	8.330916878114617674e+00	8.599912842187126927e+00	7.977279923499916769e+00	7.266786540694901042e+00	7.238404739325078552e+00	7.554588851677637606e+00	7.800899899920304748e+00	7.826548487290915013e+00	7.321928094887362626e+00	8.027905996569884906e+00
